5 1
5 2
6 2
6 4
7 6
8 1
8 7
10 3
11 2
12 10
13 11
13 12
14 9
15 1
15 5
15 13
16 2
16 5
16 9
18 1
18 10
19 14
19 18
20 15
22 1
22 12
23 4
23 17
25 2
25 10
25 23
26 18
26 25
27 23
28 3
28 22
28 24
29 24
29 28
30 13
30 23
30 25
31 6
31 10
31 12
31 24
32 1
32 10
32 14
32 18
32 21
32 22
32 31
33 7
33 11
33 14
33 26
33 29
34 20
34 30
35 5
35 9
35 12
35 21
35 23
36 5
36 6
36 22
36 23
36 31
36 34
37 2
37 10
37 18
37 31
37 33
37 36
38 2
38 23
38 26
39 2
39 4
39 5
39 8
39 19
40 5
40 19
40 29
40 33
41 3
41 8
41 10
41 14
41 31
41 32
42 5
42 12
42 21
42 24
42 25
42 31
42 32
42 40
43 2
43 13
43 18
43 22
43 23
43 27
43 36
43 42
44 26
44 38
45 17
45 22
45 35
45 39
46 3
46 10
46 28
46 29
46 31
46 41
47 7
47 42
47 46
48 5
48 18
48 27
48 29
48 34
48 35
49 3
49 4
49 15
49 20
49 24
49 27
49 31
49 40
49 42
49 46
50 20
50 46
51 2
51 14
51 16
51 26
51 27
51 29
51 35
51 37
51 43
52 4
52 18
52 30
52 38
53 4
53 19
53 22
53 30
53 34
53 39
53 51
54 7
54 15
54 18
54 27
54 30
54 43
55 4
55 16
55 40
55 46
56 25
56 36
56 41
56 42
56 48
56 50
56 52
56 55
57 29
57 35
58 16
58 23
58 49
58 53
58 56
59 1
59 15
59 16
59 32
59 45
59 47
59 54
60 6
60 13
60 26
60 38
61 38
61 42
61 46
61 60
62 15
62 18
62 31
62 35
62 42
62 43
62 46
62 59
62 60
63 2
63 4
63 9
63 18
63 36
63 55
63 56
63 61
64 2
64 3
64 6
64 13
64 16
64 35
64 40
64 49
65 1
65 2
65 4
65 7
65 8
65 47
65 57
66 26
66 29
66 56
66 60
66 63
67 7
67 15
67 16
67 28
67 54
68 2
68 3
68 15
68 21
68 27
68 37
68 40
68 44
69 1
69 38
69 68
70 6
70 30
70 49
70 56
70 67
71 20
71 26
71 27
71 28
71 29
71 36
71 38
71 49
71 53
72 2
72 5
72 15
72 17
72 35
72 46
72 52
72 58
72 71
73 3
73 21
73 37
73 42
73 67
74 10
74 24
74 29
74 40
74 70
74 72
75 5
75 16
75 21
75 31
75 37
75 51
75 52
75 53
75 60
75 62
75 64
75 68
75 70
76 9
76 17
76 41
77 4
77 10
77 20
77 47
77 55
77 57
78 8
78 35
78 37
78 38
78 46
78 57
79 3
79 4
79 21
79 28
79 29
79 44
79 47
79 51
79 54
79 62
79 68
80 10
80 31
80 40
80 50
81 4
81 16
81 18
81 28
81 77
82 2
82 6
82 7
82 12
82 15
82 18
82 23
82 43
82 46
82 49
82 61
83 1
83 2
83 12
83 22
83 23
83 30
83 39
83 40
83 41
83 42
83 43
83 48
83 49
83 65
83 75
83 76
84 8
84 28
84 49
84 54
84 57
84 65
84 66
85 7
85 9
85 11
85 15
85 19
85 32
85 45
85 72
86 2
86 13
86 18
86 56
86 63
86 73
86 74
86 78
86 82
87 1
87 2
87 22
87 36
87 38
87 39
87 55
87 67
87 70
87 82
88 15
88 27
88 42
88 63
88 70
88 71
89 19
89 28
89 41
89 42
89 49
89 51
89 59
89 60
89 61
89 65
89 74
89 83
90 31
90 36
90 42
90 49
90 55
90 60
90 83
91 7
91 22
91 44
91 45
91 70
91 76
91 79
92 6
92 17
92 20
92 29
92 44
92 57
92 59
92 72
92 73
92 75
92 76
92 88
93 3
93 5
93 13
93 14
93 17
93 25
93 26
93 28
93 39
93 45
93 48
93 51
93 60
93 61
93 66
93 83
94 14
94 28
94 38
94 51
94 55
94 83
94 86
94 87
94 91
95 6
95 19
95 28
95 44
95 52
96 14
96 15
96 23
96 26
96 33
96 76
97 18
97 40
97 42
97 44
97 63
97 74
97 75
97 78
97 80
98 6
98 9
98 13
98 15
98 20
98 23
98 27
98 32
98 40
98 43
98 46
98 51
98 54
98 62
98 73
98 85
99 2
99 8
99 9
99 13
99 30
99 31
99 86
99 87
99 96
100 39
100 40
100 45
100 52
100 66
100 82
100 84
